{"__metadata__":{"format":"assimp2json","version":100},"rootnode":{"name":"RootNode","transformation":[1,0,0,0,0,1,0,0,0,0,1,0,0,0,0,1],"children":[{"name":"MocapGuy_HiRes_Meshes","transformation":[1,0,0,0,0,1,0,0,0,0,1,0,0,0,0,1]},{"name":"Armature","transformation":[1,0,0,0,0,1,0,0,0,0,1,0,0,0,0,1],"children":[{"name":"Hips","transformation":[0.995518,0.0564277,-0.0758949,2.10946,-0.0503283,0.995523,0.0800099,93.6206,0.0800698,-0.0758316,0.993901,0.141829,0,0,0,1],"children":[{"name":"Spine","transformation":[0.997591,0.0596719,0.0353766,0.00000310689,-0.0588543,0.997985,-0.0237206,9.22631,-0.0367207,0.0215814,0.999093,1.5771,0,0,0,1],"children":[{"name":"Spine1","transformation":[0.999947,-0.00925118,0.0044048,-2.56696e-7,0.00950356,0.998079,-0.0612186,16.254,-0.00383,0.0612573,0.998115,-0.1656,0,0,0,1],"children":[{"name":"Spine2","transformation":[0.999944,-0.00943156,0.00483071,-0.00000173971,0.00970951,0.99808,-0.0611744,13.6396,-0.00424446,0.0612179,0.998115,-1.2923,0,0,0,1],"children":[{"name":"Neck","transformation":[0.997256,0.0737228,0.00666076,-7.30157e-7,-0.0730021,0.994405,-0.0763522,13.8774,-0.0122524,0.0756565,0.997059,-4.3542,0,0,0,1],"children":[{"name":"Neck1","transformation":[1,0,0,0.00000226498,0,1,0,4.33998,0,0,1,0.926901,0,0,0,1],"children":[{"name":"Head","transformation":[0.996863,0.0255089,-0.0749228,0.00000227802,-0.0312687,0.996561,-0.0767378,4.0266,0.0727076,0.0788399,0.994232,0.858502,0,0,0,1],"children":[{"name":"L_Ear","transformation":[1,0,0,6.8586,0,1,0,8.86199,0,0,1,3.31611,0,0,0,1],"children":[{"name":"L_Ear_end","transformation":[1,0,0,0,0,1,0,14.8424,0,0,1,0,0,0,0,1]}]},{"name":"Jaw","transformation":[1,0,0,0.00379902,0,1,0,6.235,0,0,1,4.4131,0,0,0,1],"children":[{"name":"TongueBack","transformation":[1,0,0,0.00000184774,0,1,0,-3.35179,0,0,1,4.64679,0,0,0,1],"children":[{"name":"TongueMid","transformation":[1,0,0,0.00000333786,0,1,0,0.0423633,0,0,1,1.6659,0,0,0,1],"children":[{"name":"TongueTip","transformation":[1,0,0,-0.00000208616,0,1,0,-0.434385,0,0,1,1.28471,0,0,0,1],"children":[{"name":"TongueTip_end","transformation":[1,0,0,0,0,1,0,1.35616,0,0,1,0,0,0,0,1]}]}]}]},{"name":"Chin","transformation":[1,0,0,-0.00380123,0,1,0,-6.16051,0,0,1,9.12406,0,0,0,1],"children":[{"name":"Chin_end","transformation":[1,0,0,0,0,1,0,8.98839,0,0,1,0,0,0,0,1]}]},{"name":"LowerChin","transformation":[1,0,0,-0.00379777,0,1,0,-8.27841,0,0,1,6.0042,0,0,0,1],"children":[{"name":"LowerChin_end","transformation":[1,0,0,0,0,1,0,8.98839,0,0,1,0,0,0,0,1]}]}]},{"name":"L_Temple","transformation":[1,0,0,6.7164,0,1,0,11.953,0,0,1,7.4033,0,0,0,1],"children":[{"name":"L_Temple_end","transformation":[1,0,0,0,0,1,0,14.8424,0,0,1,0,0,0,0,1]}]},{"name":"L_IOuterBrow","transformation":[1,0,0,5.185,0,1,0,11.3348,0,0,1,12.3701,0,0,0,1],"children":[{"name":"L_IOuterBrow_end","transformation":[1,0,0,0,0,1,0,14.8424,0,0,1,0,0,0,0,1]}]},{"name":"L_MidBrow","transformation":[1,0,0,3.3668,0,1,0,11.4156,0,0,1,13.6166,0,0,0,1],"children":[{"name":"L_MidBrow_end","transformation":[1,0,0,0,0,1,0,14.8424,0,0,1,0,0,0,0,1]}]},{"name":"L_InnerBrow","transformation":[1,0,0,1.6599,0,1,0,10.7576,0,0,1,14.115,0,0,0,1],"children":[{"name":"L_InnerBrow_end","transformation":[1,0,0,0,0,1,0,14.8424,0,0,1,0,0,0,0,1]}]},{"name":"L_Eye","transformation":[1,0,0,3.0989,0,1,0,9.69888,0,0,1,11.4382,0,0,0,1],"children":[{"name":"L_Eye_end","transformation":[1,0,0,0,0,1,0,14.8424,0,0,1,0,0,0,0,1]}]},{"name":"L_EyelidLower","transformation":[1,0,0,3.0989,0,1,0,9.69888,0,0,1,11.4382,0,0,0,1],"children":[{"name":"L_EyelidLower_end","transformation":[1,0,0,0,0,1,0,14.8424,0,0,1,0,0,0,0,1]}]},{"name":"L_EyelidUpper","transformation":[1,0,0,3.0989,0,1,0,9.69888,0,0,1,11.4382,0,0,0,1],"children":[{"name":"L_EyelidUpper_end","transformation":[1,0,0,0,0,1,0,14.8424,0,0,1,0,0,0,0,1]}]},{"name":"L_InnerCheek","transformation":[1,0,0,2.1484,0,1,0,7.49369,0,0,1,13.4347,0,0,0,1],"children":[{"name":"L_InnerCheek_end","transformation":[1,0,0,0,0,1,0,14.8424,0,0,1,0,0,0,0,1]}]},{"name":"L_LowerCheek","transformation":[1,0,0,4.3527,0,1,0,2.56751,0,0,1,9.9423,0,0,0,1],"children":[{"name":"L_LowerCheek_end","transformation":[1,0,0,0,0,1,0,14.8424,0,0,1,0,0,0,0,1]}]},{"name":"L_LipLower","transformation":[1,0,0,1.2586,0,1,0,2.37619,0,0,1,13.5915,0,0,0,1],"children":[{"name":"L_LipLower_end","transformation":[1,0,0,0,0,1,0,14.8424,0,0,1,0,0,0,0,1]}]},{"name":"L_LipUpper","transformation":[1,0,0,1.2981,0,1,0,3.15351,0,0,1,13.8987,0,0,0,1],"children":[{"name":"L_LipUpper_end","transformation":[1,0,0,0,0,1,0,14.8424,0,0,1,0,0,0,0,1]}]},{"name":"LipMidLower","transformation":[1,0,0,0.00000190735,0,1,0,2.4182,0,0,1,14.0113,0,0,0,1],"children":[{"name":"LipMidLower_end","transformation":[1,0,0,0,0,1,0,14.8424,0,0,1,0,0,0,0,1]}]},{"name":"LipMidUpper","transformation":[1,0,0,0.00000190735,0,1,0,3.21769,0,0,1,14.3127,0,0,0,1],"children":[{"name":"LipMidUpper_end","transformation":[1,0,0,0,0,1,0,14.8424,0,0,1,0,0,0,0,1]}]},{"name":"L_CheekFold","transformation":[1,0,0,2.8997,0,1,0,4.83969,0,0,1,12.9905,0,0,0,1],"children":[{"name":"L_CheekFold_end","transformation":[1,0,0,0,0,1,0,14.8424,0,0,1,0,0,0,0,1]}]},{"name":"L_Nostril","transformation":[1,0,0,1.2793,0,1,0,5.2449,0,0,1,14.0405,0,0,0,1],"children":[{"name":"L_Nostril_end","transformation":[1,0,0,0,0,1,0,14.8424,0,0,1,0,0,0,0,1]}]},{"name":"Scalp","transformation":[1,0,0,0.00380278,0,1,0,15.512,0,0,1,8.58711,0,0,0,1],"children":[{"name":"Scalp_end","transformation":[1,0,0,0,0,1,0,14.8424,0,0,1,0,0,0,0,1]}]},{"name":"L_OuterCheek","transformation":[1,0,0,4.805,0,1,0,7.16858,0,0,1,11.679,0,0,0,1],"children":[{"name":"L_OuterCheek_end","transformation":[1,0,0,0,0,1,0,14.8424,0,0,1,0,0,0,0,1]}]},{"name":"R_LipLower","transformation":[1,0,0,-1.2586,0,1,0,2.3762,0,0,1,13.5915,0,0,0,1],"children":[{"name":"R_LipLower_end","transformation":[1,0,0,0,0,1,0,14.8424,0,0,1,0,0,0,0,1]}]},{"name":"RightNostril","transformation":[1,0,0,-1.2793,0,1,0,5.24492,0,0,1,14.0405,0,0,0,1],"children":[{"name":"RightNostril_end","transformation":[1,0,0,0,0,1,0,14.8424,0,0,1,0,0,0,0,1]}]},{"name":"R_CheekFold","transformation":[1,0,0,-2.8997,0,1,0,4.8397,0,0,1,12.9905,0,0,0,1],"children":[{"name":"R_CheekFold_end","transformation":[1,0,0,0,0,1,0,14.8424,0,0,1,0,0,0,0,1]}]},{"name":"R_LowerCheek","transformation":[1,0,0,-4.3527,0,1,0,2.5675,0,0,1,9.9423,0,0,0,1],"children":[{"name":"R_LowerCheek_end","transformation":[1,0,0,0,0,1,0,14.8424,0,0,1,0,0,0,0,1]}]},{"name":"R_LipUpper","transformation":[1,0,0,-1.2981,0,1,0,3.1535,0,0,1,13.8987,0,0,0,1],"children":[{"name":"R_LipUpper_end","transformation":[1,0,0,0,0,1,0,14.8424,0,0,1,0,0,0,0,1]}]},{"name":"R_OuterCheek","transformation":[1,0,0,-4.805,0,1,0,7.16859,0,0,1,11.679,0,0,0,1],"children":[{"name":"R_OuterCheek_end","transformation":[1,0,0,0,0,1,0,14.8424,0,0,1,0,0,0,0,1]}]},{"name":"MidBrows","transformation":[1,0,0,-2.38419e-7,0,1,0,10.8004,0,0,1,14.2738,0,0,0,1],"children":[{"name":"MidBrows_end","transformation":[1,0,0,0,0,1,0,14.8424,0,0,1,0,0,0,0,1]}]},{"name":"R_InnerBrow","transformation":[1,0,0,-1.6599,0,1,0,10.7576,0,0,1,14.115,0,0,0,1],"children":[{"name":"R_InnerBrow_end","transformation":[1,0,0,0,0,1,0,14.8424,0,0,1,0,0,0,0,1]}]},{"name":"R_MidBrow","transformation":[1,0,0,-3.3668,0,1,0,11.4156,0,0,1,13.6166,0,0,0,1],"children":[{"name":"R_MidBrow_end","transformation":[1,0,0,0,0,1,0,14.8424,0,0,1,0,0,0,0,1]}]},{"name":"R_IOuterBrow","transformation":[1,0,0,-5.185,0,1,0,11.3348,0,0,1,12.3701,0,0,0,1],"children":[{"name":"R_IOuterBrow_end","transformation":[1,0,0,0,0,1,0,14.8424,0,0,1,0,0,0,0,1]}]},{"name":"R_Eye","transformation":[1,0,0,-3.0989,0,1,0,9.69888,0,0,1,11.4382,0,0,0,1],"children":[{"name":"R_Eye_end","transformation":[1,0,0,0,0,1,0,14.8424,0,0,1,0,0,0,0,1]}]},{"name":"R_EyelidLower","transformation":[1,0,0,-3.0989,0,1,0,9.69888,0,0,1,11.4382,0,0,0,1],"children":[{"name":"R_EyelidLower_end","transformation":[1,0,0,0,0,1,0,14.8424,0,0,1,0,0,0,0,1]}]},{"name":"R_EyelidUpper","transformation":[1,0,0,-3.0989,0,1,0,9.69888,0,0,1,11.4382,0,0,0,1],"children":[{"name":"R_EyelidUpper_end","transformation":[1,0,0,0,0,1,0,14.8424,0,0,1,0,0,0,0,1]}]},{"name":"R_Temple","transformation":[1,0,0,-6.7164,0,1,0,11.953,0,0,1,7.4033,0,0,0,1],"children":[{"name":"R_Temple_end","transformation":[1,0,0,0,0,1,0,14.8424,0,0,1,0,0,0,0,1]}]},{"name":"R_Ear","transformation":[1,0,0,-6.8586,0,1,0,8.86199,0,0,1,3.31611,0,0,0,1],"children":[{"name":"R_Ear_end","transformation":[1,0,0,0,0,1,0,14.8424,0,0,1,0,0,0,0,1]}]},{"name":"R_InnerCheek","transformation":[1,0,0,-2.1484,0,1,0,7.4937,0,0,1,13.4347,0,0,0,1],"children":[{"name":"R_InnerCheek_end","transformation":[1,0,0,0,0,1,0,14.8424,0,0,1,0,0,0,0,1]}]},{"name":"L_LipCorner","transformation":[1,0,0,2.9076,0,1,0,2.9095,0,0,1,12.5938,0,0,0,1],"children":[{"name":"L_LipCornerLowTweak","transformation":[1,0,0,-0.807205,0,1,0,-0.325368,0,0,1,0.4546,0,0,0,1],"children":[{"name":"L_LipCornerLowTweak_end","transformation":[1,0,0,0,0,1,0,0.954803,0,0,1,0,0,0,0,1]}]},{"name":"L_LipCornerUpTweak","transformation":[1,0,0,-0.725101,0,1,0,0.0237062,0,0,1,0.578203,0,0,0,1],"children":[{"name":"L_LipCornerUpTweak_end","transformation":[1,0,0,0,0,1,0,0.954803,0,0,1,0,0,0,0,1]}]}]},{"name":"R_gLipCorner","transformation":[1,0,0,-2.9076,0,1,0,2.9095,0,0,1,12.5938,0,0,0,1],"children":[{"name":"R_gLipCornerUpTweak","transformation":[1,0,0,0.725099,0,1,0,0.0237199,0,0,1,0.578198,0,0,0,1],"children":[{"name":"R_gLipCornerUpTweak_end","transformation":[1,0,0,0,0,1,0,0.954803,0,0,1,0,0,0,0,1]}]},{"name":"R_gLipCornerLowTweak","transformation":[1,0,0,0.807197,0,1,0,-0.325382,0,0,1,0.454597,0,0,0,1],"children":[{"name":"R_gLipCornerLowTweak_end","transformation":[1,0,0,0,0,1,0,0.954803,0,0,1,0,0,0,0,1]}]}]}]},{"name":"Throat","transformation":[1,0,0,0.00000352412,0,1,0,-0.6141,0,0,1,8.3185,0,0,0,1],"children":[{"name":"Throat_end","transformation":[1,0,0,0,0,1,0,6.22913,0,0,1,0,0,0,0,1]}]}]}]},{"name":"LeftShoulder","transformation":[0.997216,0.0684198,0.0296411,6.1442,-0.068228,0.997642,-0.00743593,10.187,-0.03008,0.00539287,0.999533,-3.7932,0,0,0,1],"children":[{"name":"LeftArm","transformation":[0.409583,0.889486,0.202622,12.3191,-0.738707,0.193044,0.645791,-1.11301,0.535307,-0.414184,0.736137,-1.7935,0,0,0,1],"children":[{"name":"LeftForeArm","transformation":[0.599892,-1.68337e-7,-0.800081,27.687,1.64611e-7,1,-8.69763e-8,-9.53674e-7,0.800081,-7.95258e-8,0.599892,-0.00000810623,0,0,0,1],"children":[{"name":"LeftHand","transformation":[0.961207,0.247543,0.121672,27.8738,-0.15101,0.103142,0.983137,0,0.230819,-0.963372,0.136522,0.00000357628,0,0,0,1],"children":[{"name":"LeftHandThumb1","transformation":[0.958746,-0.131417,0.252064,2.42101,0.127846,0.991323,0.0305681,-1.39491,-0.253894,0.00291823,0.967228,2.39272,0,0,0,1],"children":[{"name":"LeftHandThumb2","transformation":[0.945714,-0.0254606,0.324001,3.49651,0.0540491,0.995365,-0.0795443,-2.01872,-0.320474,0.0927381,0.942707,2.0187,0,0,0,1],"children":[{"name":"LeftHandThumb3","transformation":[0.97437,-0.0606726,0.216613,4.01139,0.0635686,0.997957,-0.00642047,-2.316,-0.21578,0.0200257,0.976236,2.31597,0,0,0,1],"children":[{"name":"LeftHandThumb3_end","transformation":[1,0,0,0,0,1,0,5.1787,0,0,1,0,0,0,0,1]}]}]}]},{"name":"LeftHandMiddle1","transformation":[0.817404,0.571933,0.0688697,10.4908,-0.571933,0.820014,-0.0216731,-4.76837e-7,-0.0688696,-0.0216732,0.99739,0.00000190735,0,0,0,1],"children":[{"name":"LeftHandMiddle2","transformation":[0.82739,0.5576,0.0671447,5.79211,-0.5576,0.829857,-0.0204881,0.00000762939,-0.0671447,-0.0204882,0.997533,-0.00000572205,0,0,0,1],"children":[{"name":"LeftHandMiddle3","transformation":[0.835037,0.546248,0.0657766,3.71321,-0.546248,0.837395,-0.01958,-0.00000572205,-0.0657766,-0.0195803,0.997642,0.00000762939,0,0,0,1],"children":[{"name":"LeftHandMiddle3_end","transformation":[1,0,0,0,0,1,0,3.7132,0,0,1,0,0,0,0,1]}]}]}]},{"name":"LeftHandIndex1","transformation":[0.910288,0.411007,0.0494917,10.5148,-0.411007,0.91157,-0.0106483,-0.230758,-0.0494917,-0.0106484,0.998718,2.2649,0,0,0,1],"children":[{"name":"LeftHandIndex2","transformation":[0.871859,0.486244,0.0585515,5.54931,-0.486244,0.873691,-0.0152096,-0.00000476837,-0.0585515,-0.0152096,0.998168,-0.0000038147,0,0,0,1],"children":[{"name":"LeftHandIndex3","transformation":[0.913216,0.404552,0.0487146,3.39109,-0.404552,0.914457,-0.0103005,0.00000596046,-0.0487145,-0.0103011,0.99876,-9.53674e-7,0,0,0,1],"children":[{"name":"LeftHandIndex3_end","transformation":[1,0,0,0,0,1,0,3.3911,0,0,1,0,0,0,0,1]}]}]}]},{"name":"LeftHandRing1","transformation":[0.707941,0.701206,0.0844361,10.2408,-0.701206,0.712116,-0.0346658,-0.0466318,-0.0844361,-0.0346657,0.995826,-2.31414,0,0,0,1],"children":[{"name":"LeftHandRing2","transformation":[0.695524,0.71335,0.0858989,5.44519,-0.71335,0.699876,-0.0361398,0,-0.0858989,-0.0361399,0.995648,-0.00000476837,0,0,0,1],"children":[{"name":"LeftHandRing3","transformation":[0.926865,0.372703,0.0448794,3.7132,-0.372703,0.92791,-0.00868071,-0.00000572205,-0.0448794,-0.00868085,0.998955,0.00000476837,0,0,0,1],"children":[{"name":"LeftHandRing3_end","transformation":[1,0,0,0,0,1,0,3.71321,0,0,1,0,0,0,0,1]}]}]}]},{"name":"LeftHandPinky1","transformation":[0.644091,0.752588,0.13696,9.82026,-0.747641,0.657216,-0.0953889,-0.210868,-0.161801,-0.0409576,0.985973,-4.41842,0,0,0,1],"children":[{"name":"LeftHandPinky2","transformation":[0.783807,0.620997,0.00300573,3.6763,-0.620734,0.783599,-0.0257388,-0.00000286102,-0.018339,0.0183085,0.999664,0.00000286102,0,0,0,1],"children":[{"name":"LeftHandPinky3","transformation":[0.801125,0.594204,0.0715521,2.8113,-0.594204,0.803968,-0.0236052,0.00000524521,-0.0715519,-0.0236059,0.997158,-0.00000715256,0,0,0,1],"children":[{"name":"LeftHandPinky3_end","transformation":[1,0,0,0,0,1,0,2.81129,0,0,1,0,0,0,0,1]}]}]}]}]}]}]}]},{"name":"RightShoulder","transformation":[0.997123,0.0556357,-0.0514801,-6.1402,-0.0555596,0.998451,0.00290931,10.187,0.0515622,-0.0000407239,0.99867,-3.7932,0,0,0,1],"children":[{"name":"RightArm","transformation":[0.258964,-0.953454,0.154477,-12.3231,0.940578,0.285304,0.184161,-1.11302,-0.219662,0.0976066,0.970681,-1.7935,0,0,0,1],"children":[{"name":"RightForeArm","transformation":[0.366806,-1.06001e-7,0.930298,-27.687,3.49416e-7,1,-2.38274e-8,-0.00000211596,-0.930298,3.33801e-7,0.366806,-0.00000214577,0,0,0,1],"children":[{"name":"RightHand","transformation":[0.942718,-0.315467,-0.108463,-27.8738,0.174445,0.189053,0.966348,0.00000226498,-0.284345,-0.929914,0.233255,0.00000429153,0,0,0,1],"children":[{"name":"RightHandThumb1","transformation":[0.976367,0.130028,-0.172627,-2.57043,-0.12605,0.991446,0.0338555,-1.24478,0.175553,-0.0112957,0.984405,2.31922,0,0,0,1],"children":[{"name":"RightHandThumb2","transformation":[0.965762,0.0112733,-0.259185,-3.51879,-0.0351858,0.995516,-0.0878071,-2.03158,0.257033,0.0939203,0.961828,2.03158,0,0,0,1],"children":[{"name":"RightHandThumb3","transformation":[0.992927,0.0479819,-0.1086,-3.94522,-0.0469526,0.998825,0.0120165,-2.27778,0.109049,-0.00683248,0.994013,2.27778,0,0,0,1],"children":[{"name":"RightHandThumb3_end","transformation":[1,0,0,0,0,1,0,5.09326,0,0,1,0,0,0,0,1]}]}]}]},{"name":"RightHandIndex1","transformation":[0.998865,0.0472788,0.00575464,-10.5773,-0.0472788,0.998882,-0.000136233,-0.175047,-0.00575465,-0.000135994,0.999983,2.28737,0,0,0,1],"children":[{"name":"RightHandIndex2","transformation":[0.937934,-0.344272,-0.0419062,-5.3768,0.344272,0.938841,-0.00744466,-0.00000143051,0.0419062,-0.0074445,0.999094,-0.00000715256,0,0,0,1],"children":[{"name":"RightHandIndex3","transformation":[0.940867,-0.336293,-0.0409353,-3.3855,0.336293,0.941731,-0.00709276,-0.00000190735,0.0409353,-0.00709289,0.999137,0.00000762939,0,0,0,1],"children":[{"name":"RightHandIndex3_end","transformation":[1,0,0,0,0,1,0,3.3855,0,0,1,0,0,0,0,1]}]}]}]},{"name":"RightHandMiddle1","transformation":[0.980556,-0.194803,-0.0237125,-10.7792,0.194803,0.980839,-0.00233251,-0.00000286102,0.0237125,-0.0023321,0.999716,0,0,0,0,1],"children":[{"name":"RightHandMiddle2","transformation":[0.890416,-0.451813,-0.054997,-5.6168,0.451814,0.892015,-0.0131443,0.00000190735,0.054997,-0.0131445,0.9984,0.0000038147,0,0,0,1],"children":[{"name":"RightHandMiddle3","transformation":[0.888231,-0.456031,-0.0555098,-3.73641,0.456031,0.889863,-0.0134068,-0.0000123978,0.0555101,-0.0134059,0.998368,0.00000286102,0,0,0,1],"children":[{"name":"RightHandMiddle3_end","transformation":[1,0,0,0,0,1,0,3.7364,0,0,1,0,0,0,0,1]}]}]}]},{"name":"RightHandRing1","transformation":[0.9306,-0.363357,-0.0442298,-10.3919,0.363357,0.931613,-0.00832447,0.104824,0.0442298,-0.00832444,0.998987,-2.34991,0,0,0,1],"children":[{"name":"RightHandRing2","transformation":[0.802415,-0.592394,-0.0721089,-5.4013,0.592394,0.8053,-0.0236998,0.00000190735,0.0721089,-0.0236997,0.997115,-0.00000858307,0,0,0,1],"children":[{"name":"RightHandRing3","transformation":[0.949155,-0.312502,-0.0380394,-3.39159,0.312502,0.949898,-0.00609853,-1.19209e-7,0.0380393,-0.00609891,0.999258,0.0000038147,0,0,0,1],"children":[{"name":"RightHandRing3_end","transformation":[1,0,0,0,0,1,0,3.3916,0,0,1,0,0,0,0,1]}]}]}]},{"name":"RightHandPinky1","transformation":[0.866499,-0.495521,-0.0603173,-9.79101,0.495521,0.868448,-0.0160132,-0.21354,0.0603173,-0.016013,0.998051,-4.37831,0,0,0,1],"children":[{"name":"RightHandPinky2","transformation":[0.823606,-0.563007,-0.068532,-3.6528,0.563007,0.826181,-0.021158,0.00000286102,0.068532,-0.0211582,0.997424,9.53674e-7,0,0,0,1],"children":[{"name":"RightHandPinky3","transformation":[0.845109,-0.530676,-0.0645965,-2.78201,0.530676,0.847371,-0.0185788,-0.00000588596,0.0645965,-0.0185787,0.997738,-0.00000190735,0,0,0,1],"children":[{"name":"RightHandPinky3_end","transformation":[1,0,0,0,0,1,0,2.782,0,0,1,0,0,0,0,1]}]}]}]}]}]}]}]}]}]}]},{"name":"LeftUpLeg","transformation":[0.974635,-0.0612684,0.215252,9.6338,0.0227957,0.983972,0.176857,-3.2733,-0.222638,-0.167464,0.96041,2.38419e-7,0,0,0,1],"children":[{"name":"LeftLeg","transformation":[0.97987,-0.0897272,0.178337,-0.00649107,0.16607,0.862126,-0.478706,-41.7619,-0.110796,0.498686,0.859672,-0.576546,0,0,0,1],"children":[{"name":"LeftFoot","transformation":[0.879155,0.0908609,0.467793,0.00649446,-0.20176,0.9603,0.192659,-39.1481,-0.431716,-0.263759,0.862585,-1.99985,0,0,0,1],"children":[{"name":"LeftToeBase","transformation":[1,4.90314e-9,2.95784e-7,-0.183299,-2.57112e-8,0.997519,0.0703897,-12.1931,-2.94706e-7,-0.0703897,0.997519,8.2823,0,0,0,1],"children":[{"name":"LeftToeBase_end","transformation":[1,0,0,0,0,1,0,14.7412,0,0,1,0,0,0,0,1]}]}]}]}]},{"name":"RightUpLeg","transformation":[0.989713,0.0888677,-0.11212,-9.6338,-0.0680631,0.981788,0.177367,-3.27329,0.12584,-0.167911,0.977737,0.00000107288,0,0,0,1],"children":[{"name":"RightLeg","transformation":[0.983166,0.0577063,-0.173361,-0.00649071,-0.110964,0.942378,-0.315612,-41.7618,0.145159,0.329536,0.932918,-0.578374,0,0,0,1],"children":[{"name":"RightFoot","transformation":[0.972527,-0.174354,-0.154244,0.00649309,0.178607,0.98382,0.0140527,-39.1482,0.149298,-0.0412157,0.987933,-1.9981,0,0,0,1],"children":[{"name":"RightToeBase","transformation":[1,8.64196e-8,-1.07823e-7,-0.1833,-7.79865e-8,0.997115,0.0758999,-12.1931,1.14072e-7,-0.0758999,0.997115,8.2823,0,0,0,1],"children":[{"name":"RightToeBase_end","transformation":[1,0,0,0,0,1,0,14.7412,0,0,1,0,0,0,0,1]}]}]}]}]}]}]},{"name":"MocapGuy_Body","transformation":[1,0,0,0,0,1,0,0,0,0,1,0,0,0,0,1],"meshes":[0]}]},"flags":8,"meshes":[{"name":"MocapGuy_Body.001","materialindex":0,"primitivetypes":4,"numuvcomponents":[2,2],"bones":[{"name":"Hips","offsetmatrix":[1,0,0,5.18506e-7,0,1,1.62921e-7,-96.3764,0,-1.62921e-7,1,0,0,0,0,1],"weights":[[1,0.105753],[13,0.0000183845],[17,0.0000876763],[19,0.000783673],[20,0.605893],[21,0.829635],[22,0.568678],[23,0.0470582],[24,0.250111],[25,0.780022],[26,0.256258],[35,0.105753],[94,0.406398],[96,0.780022],[97,0.58871],[98,0.632801],[99,0.406398],[100,0.250111],[101,0.268834],[102,0.245607],[103,0.245607],[104,0.250111],[105,0.0470582],[106,0.568678],[107,0.268834],[108,0.00613128],[109,0.0000876763],[137,0.0000272342],[141,0.0385318],[143,0.000597243],[144,0.00110453],[146,0.00110453],[147,0.0118607],[148,0.442423],[149,0.515745],[150,0.0385318],[151,0.764242],[153,0.233317],[218,0.0778222],[219,0.230873],[220,0.632801],[221,0.292734],[222,0.515745],[223,0.230873],[224,0.000597243],[225,0.268834],[226,0.568678],[227,0.268834],[228,0.292734],[289,0.0000876763],[291,0.568678],[292,0.00613128],[293,0.087882],[294,0.087882],[295,0.605893],[296,0.568678],[323,0.233317],[324,0.0470582],[325,0.268834],[326,0.268834],[327,0.0000876763],[359,0.58871],[360,0.442423],[399,0.233317],[400,0.230873],[401,0.632801],[402,0.406398],[403,0.442423],[404,0.764242],[405,0.0385318],[406,0.568678],[407,0.58871],[408,0.268834],[409,0.515745],[413,0.00110453]]},{"name":"Spine","offsetmatrix":[1,0,0,-0.00000296681,0,1,1.62921e-7,-105.603,0,-1.62921e-7,1,-1.5771,0,0,0,1],"weights":[[0,0.00590194],[1,0.312322],[2,0.00636801],[19,0.0000577646],[20,0.120425],[21,0.0072705],[23,0.000669918],[24,0.00188401],[25,0.134378],[26,0.367144],[27,0.0256268],[35,0.312322],[90,0.0256268],[94,0.459915],[96,0.134378],[97,0.00632659],[98,0.0153146],[99,0.459915],[100,0.00188401],[104,0.00188401],[105,0.000669918],[108,0.00092285],[141,0.000988502],[143,0.0000348818],[144,0.000171167],[146,0.000171167],[147,0.0017784],[148,0.000845271],[149,0.0542846],[150,0.000988502],[151,0.103982],[152,0.0163751],[153,0.52287],[210,0.14647],[217,0.0163751],[218,0.50376],[219,0.00333553],[220,0.0153146],[222,0.0542846],[223,0.00333553],[224,0.0000348818],[292,0.00092285],[293,0.0025653],[294,0.0025653],[295,0.120425],[323,0.52287],[324,0.000669918],[359,0.00632659],[360,0.000845271],[399,0.52287],[400,0.00333553],[401,0.0153146],[402,0.459915],[403,0.000845271],[404,0.103982],[405,0.000988502],[407,0.00632659],[409,0.0542846],[413,0.000171167]]},{"name":"Spine1","offsetmatrix":[1,0,0,-0.00000296678,0,1,1.62921e-7,-121.857,0,-1.62921e-7,1,-1.4115,0,0,0,1],"weights":[[0,0.466874],[1,0.400939],[2,0.473747],[20,0.012392],[25,0.000266665],[26,0.273424],[27,0.262273],[28,0.0210538],[35,0.400939],[36,0.00117699],[40,0.00117699],[52,0.00117699],[88,0.00117699],[89,0.0210538],[90,0.262273],[94,0.128488],[96,0.000266665],[99,0.128488],[151,0.000590739],[152,0.191241],[153,0.226683],[154,0.0169476],[173,0.0169476],[209,0.000132245],[210,0.56609],[215,0.0169476],[217,0.191241],[218,0.291427],[295,0.012392],[299,0.00117699],[303,0.00117699],[320,0.0210538],[321,0.0210538],[323,0.226683],[362,0.000132245],[383,0.0169476],[398,0.0169476],[399,0.226683],[402,0.128488],[404,0.000590739],[419,0.000132245]]},{"name":"Spine2","offsetmatrix":[1,0,0,-0.00000296677,0,1,1.62921e-7,-135.496,0,-1.62921e-7,1,-0.1192,0,0,0,1],"weights":[[0,0.481647],[1,0.180986],[2,0.476898],[26,0.103174],[27,0.613591],[28,0.321111],[29,0.0186489],[30,0.0586245],[32,0.0186489],[33,0.489258],[34,0.0586245],[35,0.180986],[36,0.0575264],[37,0.262448],[38,0.00399853],[39,0.19165],[40,0.0575264],[52,0.0575264],[63,0.00399853],[68,0.19165],[81,0.245369],[82,0.262448],[83,0.19165],[84,0.489258],[86,0.489258],[88,0.0575264],[89,0.321111],[90,0.613591],[95,0.872984],[114,0.00399853],[152,0.674383],[153,0.0171297],[154,0.239598],[172,0.000219411],[173,0.239598],[187,0.245369],[206,0.563497],[207,0.245369],[208,0.380135],[209,0.0427498],[210,0.269551],[211,0.000219411],[212,0.133484],[213,0.380135],[214,0.872984],[215,0.239598],[216,0.000219411],[217,0.674383],[218,0.12699],[233,0.563497],[234,0.787362],[235,0.563497],[290,0.0586245],[297,0.787362],[298,0.00399853],[299,0.0575264],[300,0.19165],[301,0.872984],[302,0.245369],[303,0.0575264],[304,0.872984],[305,0.19165],[306,0.787362],[320,0.321111],[321,0.321111],[323,0.0171297],[362,0.0427498],[363,0.245369],[364,0.563497],[383,0.239598],[392,0.563497],[394,0.245369],[395,0.563497],[396,0.000219411],[397,0.872984],[398,0.239598],[399,0.0171297],[419,0.0427498],[420,0.133484],[421,0.000219411]]},{"name":"Neck","offsetmatrix":[1,0,0,-0.00000296676,0,1,1.62921e-7,-149.374,0,-1.62921e-7,1,4.235,0,0,0,1],"weights":[[33,0.233942],[37,0.00673314],[39,0.325777],[67,0.0383388],[68,0.325777],[79,0.0383388],[81,0.299894],[82,0.00673314],[83,0.325777],[84,0.233942],[85,0.0742298],[86,0.233942],[187,0.299894],[189,0.116431],[206,0.229662],[207,0.299894],[208,0.012495],[213,0.012495],[233,0.229662],[234,0.185309],[235,0.229662],[297,0.185309],[300,0.325777],[302,0.299894],[305,0.325777],[306,0.185309],[319,0.0383388],[363,0.299894],[364,0.229662],[392,0.229662],[393,0.116431],[394,0.299894],[395,0.229662]]},{"name":"Neck1","offsetmatrix":[1,0,0,-0.00000296676,0,1,1.62921e-7,-153.714,0,-1.62921e-7,1,3.3081,0,0,0,1],"weights":[[39,0.0471933],[68,0.0471933],[81,0.0365286],[83,0.0471933],[187,0.0365286],[189,0.0274265],[207,0.0365286],[234,0.00475002],[297,0.00475002],[300,0.0471933],[302,0.0365286],[305,0.0471933],[306,0.00475002],[363,0.0365286],[393,0.0274265],[394,0.0365286]]},{"name":"Head","offsetmatrix":[1,0,0,-0.00000296676,0,1,1.62921e-7,-157.74,0,-1.62921e-7,1,2.4496,0,0,0,1],"weights":[[33,0.072097],[39,0.43538],[64,0.710178],[65,0.889409],[66,0.63389],[67,0.85746],[68,0.43538],[69,0.991065],[70,0.768886],[71,0.539104],[73,0.889409],[74,0.163245],[76,0.793144],[78,0.644418],[79,0.85746],[80,0.768886],[81,0.418208],[83,0.43538],[84,0.072097],[85,0.455118],[86,0.072097],[87,0.994219],[91,0.590926],[92,0.889409],[93,0.710178],[182,0.997628],[183,0.718033],[184,0.929498],[185,0.994219],[186,0.991065],[187,0.418208],[188,0.670064],[189,0.589844],[191,0.718033],[192,0.643084],[193,0.643084],[194,0.144007],[195,0.163245],[196,0.7327],[197,0.793144],[198,0.929498],[199,0.670064],[200,0.63389],[201,0.718033],[202,0.637772],[203,0.75838],[204,0.75838],[205,0.75838],[206,0.0730893],[207,0.418208],[233,0.0730893],[234,0.0225794],[235,0.0730893],[279,0.700253],[280,0.163245],[281,0.984713],[283,0.144007],[284,0.848699],[287,0.848699],[288,0.144007],[297,0.0225794],[300,0.43538],[302,0.418208],[305,0.43538],[306,0.0225794],[316,0.935653],[317,0.889409],[318,0.644418],[319,0.85746],[363,0.418208],[364,0.0730893],[384,0.889409],[385,0.994219],[386,0.63389],[387,0.63389],[388,0.643084],[389,0.718033],[390,0.643084],[391,0.637772],[392,0.0730893],[393,0.589844],[394,0.418208],[395,0.0730893],[434,0.144007],[435,0.848699]]},{"name":"L_Ear","offsetmatrix":[1,0,0,-6.8586,0,1,1.62921e-7,-166.602,0,-1.62921e-7,1,-0.8665,0,0,0,1],"weights":[[67,0.0512808],[70,0.224902],[78,0.355124],[79,0.0512808],[80,0.224902],[318,0.355124],[319,0.0512808]]},{"name":"Jaw","offsetmatrix":[1,0,0,-0.00380297,0,1,1.62921e-7,-163.975,0,-1.62921e-7,1,-1.9635,0,0,0,1],"weights":[[67,0.0529201],[72,0.510206],[75,0.143654],[77,0.143654],[79,0.0529201],[85,0.266265],[189,0.266298],[190,0.510206],[192,0.000002495],[193,0.000002495],[194,0.0779041],[282,0.143654],[283,0.0779041],[284,0.151301],[285,0.143654],[286,0.143654],[287,0.151301],[288,0.0779041],[319,0.0529201],[388,0.000002495],[390,0.000002495],[393,0.266298],[434,0.0779041],[435,0.151301]]},{"name":"Chin","offsetmatrix":[1,0,0,-0.00000296677,0,1,1.62921e-7,-157.815,0,-1.62921e-7,1,-11.0876,0,0,0,1],"weights":[[72,0.424248],[190,0.424248]]},{"name":"LowerChin","offsetmatrix":[1,0,0,-0.00000296677,0,1,1.62921e-7,-155.697,0,-1.62921e-7,1,-7.9677,0,0,0,1],"weights":[[72,0.0645134],[85,0.204387],[190,0.0645134]]},{"name":"L_Temple","offsetmatrix":[1,0,0,-6.7164,0,1,1.62921e-7,-169.693,0,-1.62921e-7,1,-4.9537,0,0,0,1],"weights":[[65,0.00281156],[70,0.0049149],[73,0.00281156],[78,0.000457418],[80,0.0049149],[92,0.00281156],[317,0.00281156],[318,0.000457418],[384,0.00281156]]},{"name":"L_IOuterBrow","offsetmatrix":[1,0,0,-5.185,0,1,1.62921e-7,-169.075,0,-1.62921e-7,1,-9.9205,0,0,0,1],"weights":[[71,0.0380453],[91,0.133414]]},{"name":"L_MidBrow","offsetmatrix":[1,0,0,-3.3668,0,1,1.62921e-7,-169.156,0,-1.62921e-7,1,-11.167,0,0,0,1],"weights":[[64,0.0646238],[93,0.0646238]]},{"name":"L_InnerBrow","offsetmatrix":[1,0,0,-1.6599,0,1,1.62921e-7,-168.498,0,-1.62921e-7,1,-11.6654,0,0,0,1],"weights":[[64,0.144729],[93,0.144729]]},{"name":"L_EyelidLower","offsetmatrix":[1,0,0,-3.0989,0,1,1.62921e-7,-167.439,0,-1.62921e-7,1,-8.9886,0,0,0,1],"weights":[[91,0.104114],[316,0.0102896]]},{"name":"L_EyelidUpper","offsetmatrix":[1,0,0,-3.0989,0,1,1.62921e-7,-167.439,0,-1.62921e-7,1,-8.9886,0,0,0,1],"weights":[[91,0.171546],[316,0.0457719]]},{"name":"L_InnerCheek","offsetmatrix":[1,0,0,-2.1484,0,1,1.62921e-7,-165.234,0,-1.62921e-7,1,-10.9851,0,0,0,1],"weights":[[76,0.0285247],[197,0.0285247],[316,0.00828554]]},{"name":"L_LowerCheek","offsetmatrix":[1,0,0,-4.3527,0,1,1.62921e-7,-160.308,0,-1.62921e-7,1,-7.4927,0,0,0,1],"weights":[[71,0.0638404]]},{"name":"L_LipLower","offsetmatrix":[1,0,0,-1.2586,0,1,1.62921e-7,-160.117,0,-1.62921e-7,1,-11.1419,0,0,0,1],"weights":[[75,0.256173],[77,0.256173],[282,0.256173],[285,0.256173],[286,0.256173]]},{"name":"L_LipUpper","offsetmatrix":[1,0,0,-1.2981,0,1,1.62921e-7,-160.894,0,-1.62921e-7,1,-11.4491,0,0,0,1],"weights":[[74,0.144583],[195,0.144583],[280,0.144583]]},{"name":"LipMidLower","offsetmatrix":[1,0,0,-0.00000296676,0,1,1.62921e-7,-160.159,0,-1.62921e-7,1,-11.5617,0,0,0,1],"weights":[[75,0.33618],[77,0.33618],[282,0.33618],[285,0.33618],[286,0.33618]]},{"name":"LipMidUpper","offsetmatrix":[1,0,0,-0.00000296676,0,1,1.62921e-7,-160.958,0,-1.62921e-7,1,-11.8631,0,0,0,1],"weights":[[74,0.52],[195,0.52],[196,0.0118927],[280,0.52],[281,0.0152866]]},{"name":"L_Nostril","offsetmatrix":[1,0,0,-1.2793,0,1,1.62921e-7,-162.985,0,-1.62921e-7,1,-11.5909,0,0,0,1],"weights":[[76,0.158279],[197,0.158279]]},{"name":"Scalp","offsetmatrix":[1,0,0,-0.00380297,0,1,1.62921e-7,-173.252,0,-1.62921e-7,1,-6.1375,0,0,0,1],"weights":[[65,0.10778],[66,0.0619833],[69,0.00893463],[70,0.00129715],[73,0.10778],[80,0.00129715],[87,0.00578081],[92,0.10778],[182,0.0023724],[183,0.000226014],[184,0.0690177],[185,0.00578081],[186,0.00893463],[191,0.000226014],[198,0.0690177],[200,0.0619833],[201,0.000226014],[203,0.000141042],[204,0.000141042],[205,0.000141042],[317,0.10778],[384,0.10778],[385,0.00578081],[386,0.0619833],[387,0.0619833],[389,0.000226014]]},{"name":"L_OuterCheek","offsetmatrix":[1,0,0,-4.805,0,1,1.62921e-7,-164.909,0,-1.62921e-7,1,-9.2294,0,0,0,1],"weights":[[71,0.35901]]},{"name":"RightNostril","offsetmatrix":[1,0,0,1.2793,0,1,1.62921e-7,-162.985,0,-1.62921e-7,1,-11.5909,0,0,0,1],"weights":[[76,0.0200525],[196,0.216619],[197,0.0200525]]},{"name":"R_LowerCheek","offsetmatrix":[1,0,0,4.3527,0,1,1.62921e-7,-160.308,0,-1.62921e-7,1,-7.4927,0,0,0,1],"weights":[[188,0.0382495],[199,0.0382495]]},{"name":"R_LipUpper","offsetmatrix":[1,0,0,1.2981,0,1,1.62921e-7,-160.894,0,-1.62921e-7,1,-11.4491,0,0,0,1],"weights":[[74,0.172171],[195,0.172171],[280,0.172171]]},{"name":"R_OuterCheek","offsetmatrix":[1,0,0,4.805,0,1,1.62921e-7,-164.909,0,-1.62921e-7,1,-9.2294,0,0,0,1],"weights":[[188,0.266495],[199,0.266495]]},{"name":"MidBrows","offsetmatrix":[1,0,0,-0.00000296676,0,1,1.62921e-7,-168.541,0,-1.62921e-7,1,-11.8242,0,0,0,1],"weights":[[64,0.0804695],[93,0.0804695]]},{"name":"R_MidBrow","offsetmatrix":[1,0,0,3.3668,0,1,1.62921e-7,-169.156,0,-1.62921e-7,1,-11.167,0,0,0,1],"weights":[[66,0.07572],[200,0.07572],[279,0.0511653],[386,0.07572],[387,0.07572]]},{"name":"R_IOuterBrow","offsetmatrix":[1,0,0,5.185,0,1,1.62921e-7,-169.075,0,-1.62921e-7,1,-9.9205,0,0,0,1],"weights":[[66,0.228406],[200,0.228406],[386,0.228406],[387,0.228406]]},{"name":"R_EyelidLower","offsetmatrix":[1,0,0,3.0989,0,1,1.62921e-7,-167.439,0,-1.62921e-7,1,-8.9886,0,0,0,1],"weights":[[279,0.0406435]]},{"name":"R_EyelidUpper","offsetmatrix":[1,0,0,3.0989,0,1,1.62921e-7,-167.439,0,-1.62921e-7,1,-8.9886,0,0,0,1],"weights":[[279,0.207938]]},{"name":"R_Temple","offsetmatrix":[1,0,0,6.7164,0,1,1.62921e-7,-169.693,0,-1.62921e-7,1,-4.9537,0,0,0,1],"weights":[[183,0.0000877955],[184,0.00148459],[191,0.0000877955],[192,0.0000393109],[193,0.0000393109],[198,0.00148459],[201,0.0000877955],[203,0.00722155],[204,0.00722155],[205,0.00722155],[388,0.0000393109],[389,0.0000877955],[390,0.0000393109]]},{"name":"R_Ear","offsetmatrix":[1,0,0,6.8586,0,1,1.62921e-7,-166.602,0,-1.62921e-7,1,-0.8665,0,0,0,1],"weights":[[183,0.281654],[191,0.281654],[192,0.356874],[193,0.356874],[201,0.281654],[202,0.362228],[203,0.234257],[204,0.234257],[205,0.234257],[388,0.356874],[389,0.281654],[390,0.356874],[391,0.362228]]},{"name":"R_InnerCheek","offsetmatrix":[1,0,0,2.1484,0,1,1.62921e-7,-165.234,0,-1.62921e-7,1,-10.9851,0,0,0,1],"weights":[[188,0.0251915],[196,0.0387876],[199,0.0251915]]},{"name":"L_LipCorner","offsetmatrix":[1,0,0,-2.9076,0,1,1.62921e-7,-160.65,0,-1.62921e-7,1,-10.1442,0,0,0,1],"weights":[[72,0.00103298],[75,0.263993],[77,0.263993],[190,0.00103298],[282,0.263993],[285,0.263993],[286,0.263993]]},{"name":"R_gLipCorner","offsetmatrix":[1,0,0,2.9076,0,1,1.62921e-7,-160.65,0,-1.62921e-7,1,-10.1442,0,0,0,1],"weights":[[194,0.664504],[283,0.664504],[288,0.664504],[434,0.664504]]},{"name":"R_gLipCornerLowTweak","offsetmatrix":[1,0,0,2.1004,0,1,1.62921e-7,-160.324,0,-1.62921e-7,1,-10.5988,0,0,0,1],"weights":[[194,0.113585],[283,0.113585],[288,0.113585],[434,0.113585]]},{"name":"LeftShoulder","offsetmatrix":[1,0,0,-6.1442,0,1,1.62921e-7,-145.683,0,-1.62921e-7,1,3.674,0,0,0,1],"weights":[[2,0.0429867],[27,0.0985092],[28,0.36587],[29,0.295649],[30,0.427209],[31,0.000276639],[32,0.295649],[33,0.204703],[34,0.427209],[36,0.364136],[37,0.648405],[38,0.150178],[40,0.364136],[51,0.00128133],[52,0.364136],[63,0.150178],[82,0.648405],[84,0.204703],[86,0.204703],[88,0.364136],[89,0.36587],[90,0.0985092],[95,0.0714509],[114,0.150178],[214,0.0714509],[290,0.427209],[298,0.150178],[299,0.364136],[301,0.0714509],[303,0.364136],[304,0.0714509],[320,0.36587],[321,0.36587],[322,0.00128133],[397,0.0714509]]},{"name":"LeftArm","offsetmatrix":[1,0,0,-18.4633,0,1,1.62921e-7,-144.57,0,-1.62921e-7,1,5.4675,0,0,0,1],"weights":[[28,0.291966],[29,0.68544],[30,0.514024],[31,0.507863],[32,0.68544],[34,0.514024],[36,0.577161],[37,0.0824139],[38,0.845824],[40,0.577161],[50,0.601765],[51,0.612673],[52,0.577161],[53,0.638086],[63,0.845824],[82,0.0824139],[88,0.577161],[89,0.291966],[114,0.845824],[117,0.601765],[290,0.514024],[298,0.845824],[299,0.577161],[303,0.577161],[320,0.291966],[321,0.291966],[322,0.612673],[328,0.10513]]},{"name":"LeftForeArm","offsetmatrix":[1,0,0,-46.1503,0,1,1.62921e-7,-144.57,0,-1.62921e-7,1,5.4675,0,0,0,1],"weights":[[29,0.000262059],[30,0.000141971],[31,0.49186],[32,0.000262059],[34,0.000141971],[50,0.398209],[51,0.386046],[53,0.361914],[54,0.10956],[56,0.26197],[57,0.26197],[59,0.422913],[60,0.422913],[115,0.422913],[116,0.10956],[117,0.398209],[118,0.26197],[119,0.10956],[120,0.26197],[128,0.10956],[290,0.000141971],[322,0.386046],[328,0.89487],[329,0.10956],[347,0.26197],[356,0.422913]]},{"name":"LeftHand","offsetmatrix":[1,0,0,-74.0241,0,1,1.62921e-7,-144.57,0,-1.62921e-7,1,5.4675,0,0,0,1],"weights":[[50,0.0000266609],[54,0.688012],[55,0.460729],[56,0.540249],[57,0.540249],[58,0.000537562],[59,0.417159],[60,0.417159],[61,0.280389],[62,0.00508345],[115,0.417159],[116,0.688012],[117,0.0000266609],[118,0.540249],[119,0.688012],[120,0.540249],[122,0.0934815],[123,0.118477],[125,0.118477],[126,0.132135],[127,0.000526975],[128,0.688012],[130,0.118477],[131,0.156069],[132,0.280389],[133,0.00508345],[134,0.460729],[135,0.280389],[329,0.688012],[330,0.132135],[332,0.156069],[334,0.118477],[335,0.000526975],[336,0.0934815],[337,0.460729],[338,0.000526975],[339,0.460729],[340,0.0934815],[342,0.132135],[343,0.00508345],[344,0.132135],[345,0.156069],[346,0.000537562],[347,0.540249],[348,0.280389],[349,0.000537562],[350,0.280389],[351,0.0934815],[352,0.156069],[353,0.00508345],[356,0.417159]]},{"name":"LeftHandThumb1","offsetmatrix":[1,0,0,-76.4451,0,1,1.62921e-7,-143.175,0,-1.62921e-7,1,3.07478,0,0,0,1],"weights":[[56,0.161491],[57,0.161491],[58,0.0157677],[59,0.15559],[60,0.15559],[61,0.136649],[115,0.15559],[118,0.161491],[120,0.161491],[132,0.136649],[135,0.136649],[346,0.0157677],[347,0.161491],[348,0.136649],[349,0.0157677],[350,0.136649],[356,0.15559]]},{"name":"LeftHandThumb2","offsetmatrix":[1,0,0,-79.9416,0,1,1.62921e-7,-141.157,0,-1.62921e-7,1,1.05606,0,0,0,1],"weights":[[56,0.03629],[57,0.03629],[58,0.0839546],[61,0.498439],[118,0.03629],[120,0.03629],[132,0.498439],[135,0.498439],[346,0.0839546],[347,0.03629],[348,0.498439],[349,0.0839546],[350,0.498439]]},{"name":"LeftHandThumb3","offsetmatrix":[1,0,0,-83.953,0,1,1.62921e-7,-138.841,0,-1.62921e-7,1,-1.25992,0,0,0,1],"weights":[[58,0.89974],[346,0.89974],[349,0.89974]]},{"name":"LeftHandMiddle1","offsetmatrix":[1,0,0,-84.5148,0,1,1.62921e-7,-144.57,0,-1.62921e-7,1,5.4675,0,0,0,1],"weights":[[55,0.00623528],[123,0.277679],[125,0.277679],[126,0.380502],[129,0.00694479],[130,0.277679],[131,0.675799],[134,0.00623528],[330,0.380502],[331,0.00694479],[332,0.675799],[333,0.00694479],[334,0.277679],[337,0.00623528],[339,0.00623528],[342,0.380502],[344,0.380502],[345,0.675799],[352,0.675799]]},{"name":"LeftHandMiddle2","offsetmatrix":[1,0,0,-90.3069,0,1,1.62921e-7,-144.57,0,-1.62921e-7,1,5.4675,0,0,0,1],"weights":[[129,0.0227228],[131,0.0085973],[331,0.0227228],[332,0.0085973],[333,0.0227228],[345,0.0085973],[352,0.0085973]]},{"name":"LeftHandMiddle3","offsetmatrix":[1,0,0,-94.0201,0,1,1.62921e-7,-144.57,0,-1.62921e-7,1,5.4675,0,0,0,1],"weights":[[129,0.970332],[331,0.970332],[333,0.970332]]},{"name":"LeftHandIndex1","offsetmatrix":[1,0,0,-84.5389,0,1,1.62921e-7,-144.34,0,-1.62921e-7,1,3.20259,0,0,0,1],"weights":[[59,0.00433747],[60,0.00433747],[61,0.0845234],[62,0.0316008],[115,0.00433747],[126,0.386713],[131,0.159535],[132,0.0845234],[133,0.0316008],[135,0.0845234],[330,0.386713],[332,0.159535],[342,0.386713],[343,0.0316008],[344,0.386713],[345,0.159535],[348,0.0845234],[350,0.0845234],[352,0.159535],[353,0.0316008],[356,0.00433747]]},{"name":"LeftHandIndex2","offsetmatrix":[1,0,0,-90.0882,0,1,1.62921e-7,-144.34,0,-1.62921e-7,1,3.20259,0,0,0,1],"weights":[[62,0.030869],[126,0.10065],[133,0.030869],[330,0.10065],[342,0.10065],[343,0.030869],[344,0.10065],[353,0.030869]]},{"name":"LeftHandIndex3","offsetmatrix":[1,0,0,-93.4793,0,1,1.62921e-7,-144.34,0,-1.62921e-7,1,3.20259,0,0,0,1],"weights":[[62,0.932447],[133,0.932447],[343,0.932447],[353,0.932447]]},{"name":"LeftHandRing1","offsetmatrix":[1,0,0,-84.2648,0,1,1.62921e-7,-144.524,0,-1.62921e-7,1,7.78164,0,0,0,1],"weights":[[54,0.0161537],[55,0.0242497],[116,0.0161537],[119,0.0161537],[121,0.0133459],[122,0.225924],[123,0.584541],[124,0.0133459],[125,0.584541],[128,0.0161537],[130,0.584541],[134,0.0242497],[329,0.0161537],[334,0.584541],[336,0.225924],[337,0.0242497],[339,0.0242497],[340,0.225924],[341,0.0133459],[351,0.225924]]},{"name":"LeftHandRing2","offsetmatrix":[1,0,0,-89.7101,0,1,1.62921e-7,-144.524,0,-1.62921e-7,1,7.78163,0,0,0,1],"weights":[[121,0.0174521],[123,0.0193025],[124,0.0174521],[125,0.0193025],[130,0.0193025],[334,0.0193025],[341,0.0174521]]},{"name":"LeftHandRing3","offsetmatrix":[1,0,0,-93.4233,0,1,1.62921e-7,-144.524,0,-1.62921e-7,1,7.78163,0,0,0,1],"weights":[[121,0.969202],[124,0.969202],[341,0.969202]]},{"name":"LeftHandPinky1","offsetmatrix":[1,0,0,-83.8444,0,1,1.62921e-7,-144.359,0,-1.62921e-7,1,9.88591,0,0,0,1],"weights":[[54,0.186275],[55,0.508786],[116,0.186275],[119,0.186275],[122,0.656677],[127,0.00203259],[128,0.186275],[134,0.508786],[329,0.186275],[335,0.00203259],[336,0.656677],[337,0.508786],[338,0.00203259],[339,0.508786],[340,0.656677],[351,0.656677]]},{"name":"LeftHandPinky2","offsetmatrix":[1,0,0,-87.5207,0,1,1.62921e-7,-144.359,0,-1.62921e-7,1,9.88591,0,0,0,1],"weights":[[122,0.0239175],[127,0.0274338],[335,0.0274338],[336,0.0239175],[338,0.0274338],[340,0.0239175],[351,0.0239175]]},{"name":"LeftHandPinky3","offsetmatrix":[1,0,0,-90.332,0,1,1.62921e-7,-144.359,0,-1.62921e-7,1,9.88591,0,0,0,1],"weights":[[127,0.970007],[335,0.970007],[338,0.970007]]},{"name":"RightShoulder","offsetmatrix":[1,0,0,6.1402,0,1,1.62921e-7,-145.683,0,-1.62921e-7